105
138786 100022 137658 101981
136358 99553 136358 101981
138379 25854 137658 27813
133198 22225 136358 27813
143075 23641 144628 22845
143075 25679 144628 24145
133198 19685 129387 22845
133198 24765 129387 24145
133198 14605 129387 15987
133198 17145 129387 17287
142669 98317 144628 97013
146586 99441 144628 98313
127429 86741 129388 85613
131278 84313 129388 84313
133198 93853 129387 94473
133198 98933 129387 95773
133198 88773 129387 89393
133198 91313 129387 90693
131346 15113 129387 13985
133198 12065 129387 12685
145898 41529 149391 41529
107544 94869 107544 92329 107544 89789 107544 87249 140818 12065 151041 41529
145898 46609 149391 46609
140818 14605 120244 94869 120244 92329 120244 89789 120244 87249 151041 46609
145898 51689 149391 51689
141345 28315 140818 83693 151041 51689
145898 56769 149391 56769
152724 57423 140818 81153 151041 56769
138278 46609 135293 46609
140818 6985 120244 69469 120244 66929 120244 64389 120244 61849 133643 46609
138278 51689 135293 51689
140818 9525 131566 52089 133643 51689
138278 56769 135293 56769
140818 88773 131566 56769 133643 56769
138278 61849 135293 61849
131566 62757 140818 86233 133643 61849
145898 54229 154662 54229
158388 54229 156312 54229
145898 49149 154725 49149
158464 49149 156375 49149
145898 59309 154788 59309
172060 51435 156438 59309
138278 44069 129959 44069
135014 36195 128309 44069
138278 49149 129959 49149
127394 50311 128309 49149
138278 54229 129896 54229
126009 54254 128246 54229
138278 59309 129959 59309
128309 60573 128309 59309
174600 64135 178347 64135
182080 64535 179997 64135
155031 75609 167425 64135
172060 64135 169075 64135
145898 44069 154725 44069
156375 41275 156375 44069
55030 44977 57164 44958
73254 54979 65634 45085 58864 44958
55030 50311 57164 50038
73254 55779 65634 49911 58864 50038
68174 57453 73254 57379 75768 58141 68174 61429 73254 58979
64745 63373 68174 59729 73254 58179 81654 55779 74016 80319 69698 76898 73254 56579 68174 55753
73304 34569 81654 54979
80067 58179 81654 58179
85293 58471 81654 59779
85674 60579 81654 60579
68224 34569 79454 53579
80254 38872 80254 53579
97384 5969 87395 57448 80254 61979
79445 63570 79454 61979
78613 59360 78654 61979
76937 59842 77054 61979
89764 44069 89764 94869 76254 61979
79096 80319 75454 61979
69717 63011 74016 71319 69698 75248 70714 67779
72922 66313 70714 66079
70764 34569 76860 42253
76759 46177 76860 43903
105004 69469 89764 99949
174600 43815 133198 9525
174600 51435 140818 93853
174600 53975 140818 91313
97384 59309 97384 84709 97384 33909 97384 8509
97384 87249 97384 61849 97384 36449 97384 11049
117704 36449 97384 13589
89764 36449 89764 11049
89764 69469 89764 18669
97384 31369 97384 82169 97384 56769
97377 77743 97384 64389
89764 87249 89764 61849
93364 15100 89764 38989
105004 11049 89764 41529
105004 89789 97384 97409
105004 66929 89764 89789
105004 61849 89764 92329
105004 64389 89764 97409
107080 71952 117704 94869
120244 11049 120244 13589 120244 16129 120244 18669
120244 36449 120244 38989 120244 41529 120244 44069
107544 11049 107544 13589 107544 16129 107544 18669
86658 43504 105004 13589
107544 36449 107544 38989 107544 41529 107544 44069
107544 61849 107544 64389 107544 66929 107544 69469
108706 72079 117704 92329
110052 72561 117704 89789